1	18
1	29
1	45
1	62
1	76
1	127
1	132
1	138
1	158
1	192
1	201
1	223
1	234
1	253
1	294
1	295
1	319
1	347
1	373
1	408
1	455
1	481
1	496
1	505
1	524
1	612
1	661
1	687
1	775
1	802
1	939
1	963
2	10
2	22
2	34
2	46
2	55
2	87
2	102
2	103
2	104
2	120
2	127
2	145
2	212
2	227
2	296
2	313
2	315
2	353
2	363
2	365
2	428
2	444
2	467
2	492
2	517
2	632
2	708
2	710
2	734
2	735
2	899
2	912
3	15
3	22
3	38
3	46
3	89
3	102
3	103
3	111
3	112
3	147
3	180
3	212
3	317
3	322
3	337
3	342
3	402
3	428
3	457
3	461
3	508
3	579
3	583
3	587
3	679
3	684
3	710
3	766
3	787
3	833
3	939
3	957
4	27
4	42
4	54
4	64
4	81
4	143
4	146
4	168
4	187
4	192
4	193
4	225
4	268
4	300
4	326
4	329
4	351
4	358
4	361
4	370
4	413
4	453
4	493
4	551
4	552
4	553
4	701
4	793
4	818
4	839
4	923
4	967
5	12
5	23
5	39
5	45
5	56
5	69
5	75
5	79
5	109
5	112
5	152
5	199
5	213
5	236
5	259
5	309
5	321
5	372
5	376
5	379
5	446
5	459
5	552
5	567
5	586
5	593
5	676
5	760
5	768
5	781
5	786
5	913
6	7
6	17
6	35
6	53
6	56
6	67
6	97
6	117
6	155
6	167
6	196
6	220
6	245
6	283
6	288
6	300
6	306
6	310
6	323
6	343
6	357
6	375
6	445
6	476
6	559
6	572
6	621
6	644
6	670
6	906
6	918
7	27
7	35
7	41
7	67
7	74
7	90
7	97
7	133
7	154
7	155
7	185
7	206
7	208
7	220
7	255
7	283
7	323
7	445
7	597
7	644
7	703
7	746
7	806
7	862
7	864
7	870
7	872
7	893
7	918
7	993
8	26
8	30
8	82
8	84
8	99
8	174
8	215
8	242
8	275
8	287
8	336
8	355
8	371
8	382
8	455
8	498
8	503
8	520
8	532
8	554
8	555
8	577
8	581
8	663
8	689
8	706
8	749
8	761
8	817
8	959
9	19
9	41
9	57
9	60
9	92
9	103
9	141
9	168
9	194
9	222
9	228
9	237
9	260
9	262
9	266
9	298
9	320
9	322
9	336
9	341
9	378
9	383
9	521
9	540
9	606
9	608
9	667
9	848
9	976
9	988
10	12
10	22
10	34
10	46
10	55
10	102
10	111
10	145
10	212
10	227
10	238
10	251
10	274
10	288
10	315
10	322
10	363
10	423
10	457
10	579
10	583
10	625
10	671
10	685
10	703
10	712
10	815
10	929
10	989
11	14
11	21
11	23
11	51
11	95
11	98
11	118
11	122
11	159
11	230
11	240
11	241
11	257
11	285
11	299
11	303
11	352
11	401
11	509
11	512
11	531
11	539
11	617
11	700
11	769
11	778
11	814
11	820
11	853
11	993
12	16
12	23
12	32
12	39
12	57
12	66
12	67
12	68
12	81
12	108
12	195
12	207
12	280
12	289
12	411
12	431
12	470
12	474
12	564
12	571
12	653
12	670
12	699
12	773
12	784
12	857
12	937
12	971
13	15
13	25
13	44
13	50
13	73
13	119
13	125
13	135
13	153
13	191
13	211
13	214
13	223
13	249
13	301
13	304
13	328
13	388
13	404
13	424
13	495
13	519
13	542
13	647
13	689
13	696
13	770
13	878
13	907
14	28
14	51
14	95
14	100
14	120
14	129
14	204
14	232
14	297
14	299
14	320
14	368
14	382
14	387
14	401
14	440
14	458
14	485
14	531
14	611
14	660
14	691
14	807
14	842
14	853
14	880
14	882
14	904
15	25
15	44
15	50
15	59
15	71
15	96
15	106
15	135
15	144
15	151
15	160
15	200
15	203
15	224
15	249
15	333
15	407
15	465
15	477
15	495
15	496
15	558
15	696
15	777
15	831
15	907
15	917
16	31
16	99
16	202
16	237
16	304
16	336
16	348
16	355
16	406
16	469
16	594
16	626
16	630
16	663
16	683
16	719
16	744
16	782
16	785
16	829
16	831
16	887
16	921
16	925
16	930
16	934
16	936
16	959
17	27
17	30
17	36
17	61
17	92
17	93
17	110
17	136
17	152
17	164
17	176
17	178
17	201
17	267
17	347
17	354
17	400
17	422
17	430
17	434
17	487
17	575
17	656
17	688
17	721
17	772
17	951
18	28
18	29
18	32
18	45
18	48
18	70
18	76
18	112
18	132
18	138
18	158
18	169
18	186
18	221
18	244
18	253
18	304
18	306
18	349
18	405
18	524
18	584
18	623
18	687
18	774
18	900
18	932
19	26
19	43
19	57
19	60
19	92
19	94
19	177
19	216
19	226
19	237
19	272
19	282
19	298
19	355
19	364
19	436
19	466
19	483
19	497
19	619
19	678
19	715
19	845
19	854
19	902
19	938
19	968
20	33
20	37
20	40
20	71
20	74
20	115
20	119
20	142
20	179
20	217
20	224
20	235
20	252
20	270
20	276
20	344
20	367
20	392
20	442
20	468
20	508
20	664
20	816
20	822
20	869
20	944
20	979
20	983
21	95
21	100
21	107
21	116
21	120
21	122
21	129
21	172
21	177
21	181
21	245
21	295
21	386
21	485
21	507
21	509
21	528
21	535
21	536
21	565
21	590
21	737
21	756
21	762
21	828
21	829
21	844
22	46
22	54
22	87
22	89
22	103
22	251
22	289
22	322
22	342
22	383
22	464
22	500
22	515
22	550
22	622
22	695
22	731
22	735
22	753
22	768
22	788
22	794
22	912
22	956
22	967
23	27
23	61
23	63
23	86
23	102
23	109
23	185
23	189
23	207
23	297
23	339
23	377
23	379
23	395
23	431
23	472
23	546
23	586
23	605
23	657
23	702
23	718
23	755
23	768
23	772
24	29
24	65
24	121
24	127
24	129
24	134
24	154
24	156
24	163
24	173
24	218
24	225
24	248
24	271
24	311
24	324
24	340
24	388
24	402
24	435
24	651
24	830
24	863
24	866
24	948
24	961
24	984
25	38
25	44
25	50
25	58
25	59
25	101
25	123
25	135
25	148
25	160
25	211
25	223
25	239
25	285
25	334
25	341
25	424
25	438
25	450
25	496
25	523
25	541
25	668
25	696
25	751
26	31
26	34
26	78
26	82
26	84
26	99
26	127
26	165
26	287
26	291
26	336
26	399
26	469
26	520
26	532
26	554
26	555
26	603
26	782
26	883
26	887
26	910
26	928
26	931
26	934
27	93
27	137
27	166
27	171
27	178
27	198
27	209
27	229
27	267
27	356
27	397
27	398
27	412
27	422
27	486
27	580
27	628
27	698
27	726
27	800
27	911
27	921
28	29
28	48
28	70
28	131
28	187
28	234
28	243
28	246
28	248
28	250
28	304
28	335
28	374
28	416
28	424
28	482
28	505
28	524
28	584
28	624
28	693
28	730
28	773
28	987
29	45
29	70
29	112
29	132
29	169
29	186
29	187
29	225
29	234
29	244
29	253
29	279
29	294
29	295
29	319
29	349
29	385
29	481
29	623
29	744
29	843
29	947
30	61
30	69
30	93
30	110
30	136
30	166
30	167
30	183
30	269
30	270
30	354
30	377
30	412
30	430
30	434
30	470
30	490
30	498
30	550
30	698
30	742
30	752
30	964
30	991
31	78
31	98
31	99
31	138
31	165
31	174
31	205
31	215
31	264
31	291
31	336
31	343
31	348
31	371
31	469
31	514
31	594
31	706
31	726
31	744
31	776
31	925
31	936
31	999
32	68
32	72
32	75
32	86
32	100
32	105
32	108
32	109
32	112
32	148
32	213
32	259
32	309
32	323
32	331
32	377
32	472
32	516
32	536
32	548
32	598
32	643
32	755
32	810
33	37
33	41
33	91
33	119
33	134
33	142
33	181
33	198
33	210
33	217
33	261
33	278
33	281
33	292
33	367
33	392
33	400
33	403
33	442
33	463
33	468
33	485
33	562
33	593
33	878
34	46
34	55
34	87
34	111
34	113
34	147
34	180
34	183
34	184
34	263
34	302
34	337
34	418
34	472
34	587
34	602
34	671
34	685
34	686
34	728
34	739
34	788
34	805
35	53
35	56
35	67
35	97
35	106
35	133
35	142
35	208
35	220
35	243
35	283
35	288
35	310
35	343
35	357
35	358
35	362
35	601
35	616
35	694
35	795
35	832
35	903
35	952
36	85
36	93
36	136
36	171
36	177
36	178
36	209
36	268
36	391
36	397
36	420
36	511
36	633
36	640
36	698
36	728
36	741
36	752
36	758
36	759
36	786
36	893
36	911
36	941
37	40
37	45
37	71
37	83
37	115
37	140
37	217
37	224
37	240
37	252
37	254
37	255
37	292
37	305
37	347
37	432
37	433
37	530
37	590
37	593
37	618
37	745
37	748
38	46
38	55
38	87
38	89
38	102
38	103
38	111
38	139
38	183
38	281
38	302
38	315
38	322
38	353
38	428
38	508
38	566
38	601
38	619
38	665
38	708
38	813
38	866
39	47
39	52
39	63
39	66
39	79
39	81
39	109
39	118
39	185
39	199
39	213
39	256
39	272
39	320
39	361
39	395
39	411
39	516
39	561
39	586
39	765
39	772
39	955
40	77
40	83
40	88
40	91
40	134
40	135
40	142
40	179
40	254
40	305
40	335
40	437
40	443
40	463
40	593
40	596
40	664
40	711
40	724
40	812
40	822
40	908
40	981
41	56
41	62
41	67
41	90
41	106
41	133
41	206
41	208
41	212
41	290
41	306
41	323
41	372
41	572
41	610
41	641
41	746
41	849
41	864
41	918
41	927
41	990
42	64
42	123
42	130
42	143
42	146
42	149
42	192
42	225
42	247
42	300
42	351
42	361
42	486
42	514
42	631
42	638
42	693
42	714
42	716
42	738
42	769
42	818
42	852
42	922
43	57
43	92
43	125
43	160
43	228
43	262
43	282
43	298
43	320
43	332
43	341
43	344
43	364
43	378
43	386
43	393
43	416
43	573
43	619
43	652
43	738
43	823
43	848
43	940
44	50
44	73
44	81
44	144
44	151
44	160
44	198
44	211
44	239
44	279
44	301
44	313
44	419
44	424
44	439
44	476
44	477
44	541
44	580
44	646
44	668
44	873
45	48
45	88
45	101
45	131
45	138
45	169
45	215
45	234
45	244
45	279
45	349
45	449
45	568
45	624
45	747
45	821
45	837
45	899
45	939
46	55
46	61
46	102
46	167
46	180
46	251
46	274
46	289
46	322
46	353
46	382
46	384
46	409
46	525
46	625
46	712
46	794
46	882
47	66
47	68
47	70
47	72
47	112
47	118
47	188
47	230
47	245
47	259
47	280
47	286
47	324
47	411
47	429
47	484
47	502
47	591
47	645
47	657
47	740
47	760
47	931
48	65
48	101
48	131
48	138
48	158
48	193
48	246
48	251
48	253
48	279
48	374
48	405
48	482
48	557
48	568
48	569
48	661
48	693
48	730
48	771
48	827
49	56
49	65
49	121
49	133
49	154
49	156
49	171
49	218
49	271
49	302
49	318
49	340
49	441
49	455
49	483
49	489
49	499
49	500
49	556
49	560
49	588
49	602
49	809
49	881
50	125
50	160
50	190
50	200
50	203
50	214
50	301
50	313
50	331
50	334
50	340
50	345
50	462
50	551
50	690
50	696
50	791
50	841
50	846
50	903
51	100
51	120
51	172
51	177
51	231
51	245
51	257
51	327
51	330
51	415
51	461
51	508
51	607
51	733
51	739
51	762
51	763
51	778
51	835
51	847
51	880
51	890
52	62
52	63
52	79
52	81
52	105
52	108
52	116
52	155
52	213
52	255
52	276
52	280
52	321
52	359
52	376
52	398
52	403
52	591
52	616
52	629
52	760
52	784
53	56
53	90
53	97
53	105
53	117
53	206
53	208
53	221
53	241
53	290
53	310
53	323
53	362
53	453
53	515
53	559
53	572
53	641
53	872
53	914
53	993
54	64
54	130
54	146
54	149
54	192
54	193
54	205
54	219
54	351
54	358
54	452
54	493
54	514
54	552
54	595
54	644
54	648
54	701
54	716
54	841
54	922
55	87
55	102
55	113
55	139
55	145
55	147
55	163
55	210
55	251
55	322
55	365
55	368
55	495
55	540
55	710
55	750
55	754
55	792
56	67
56	97
56	106
56	117
56	155
56	167
56	206
56	220
56	243
56	283
56	290
56	343
56	357
56	668
56	746
56	838
56	891
57	60
57	92
57	94
57	161
57	168
57	237
57	263
57	265
57	282
57	379
57	466
57	479
57	536
57	540
57	606
57	608
57	654
57	667
57	803
58	59
58	96
58	144
58	203
58	211
58	218
58	223
58	239
58	331
58	333
58	424
58	437
58	458
58	465
58	475
58	504
58	519
58	689
58	846
58	873
58	925
59	73
59	89
59	125
59	127
59	144
59	151
59	191
59	200
59	301
59	331
59	333
59	334
59	496
59	518
59	523
59	551
59	647
59	751
59	975
60	75
60	92
60	151
60	161
60	168
60	194
60	226
60	228
60	237
60	255
60	263
60	325
60	381
60	479
60	497
60	527
60	600
60	966
60	976
61	137
61	176
61	180
61	209
61	226
61	229
61	345
61	410
61	422
61	426
61	451
61	490
61	506
61	550
61	704
61	919
61	924
61	938
62	70
62	131
62	162
62	187
62	221
62	246
62	373
62	537
62	549
62	557
62	624
62	685
62	707
62	763
62	775
62	837
62	850
62	918
62	955
63	75
63	79
63	87
63	110
63	116
63	148
63	182
63	188
63	236
63	389
63	406
63	484
63	516
63	615
63	670
63	705
63	740
63	852
63	871
64	66
64	124
64	143
64	146
64	192
64	225
64	250
64	277
64	293
64	300
64	326
64	361
64	493
64	589
64	631
64	714
64	780
64	891
64	922
65	77
65	127
65	156
65	170
65	219
65	248
65	271
65	388
65	435
65	513
65	576
65	588
65	631
65	858
65	888
65	926
65	948
65	994
65	1000
66	72
66	99
66	126
66	148
66	152
66	316
66	369
66	411
66	444
66	446
66	459
66	478
66	491
66	561
66	605
66	607
66	691
66	760
67	90
67	94
67	155
67	220
67	235
67	243
67	290
67	306
67	447
67	530
67	574
67	644
67	838
67	870
67	950
67	952
68	75
68	79
68	113
68	115
68	126
68	128
68	138
68	185
68	197
68	276
68	286
68	309
68	321
68	330
68	474
68	729
68	913
68	964
69	136
69	137
69	147
69	160
69	166
69	176
69	209
69	229
69	269
69	331
69	398
69	410
69	412
69	501
69	511
69	620
69	640
69	682
69	800
70	90
70	107
70	108
70	117
70	253
70	294
70	349
70	385
70	423
70	505
70	543
70	765
70	821
70	850
70	900
70	987
71	91
71	114
71	115
71	134
71	140
71	142
71	235
71	278
71	292
71	344
71	414
71	433
71	442
71	534
71	545
71	810
71	908
71	985
72	105
72	108
72	116
72	126
72	128
72	152
72	189
72	197
72	273
72	280
72	329
72	362
72	395
72	484
72	502
72	697
72	933
72	973
73	164
73	191
73	200
73	211
73	314
73	328
73	331
73	419
73	438
73	450
73	465
73	475
73	495
73	558
73	561
73	781
73	789
73	846
74	83
74	114
74	115
74	134
74	179
74	181
74	217
74	235
74	278
74	392
74	492
74	545
74	547
74	596
74	609
74	842
74	944
74	960
75	86
75	105
75	108
75	112
75	148
75	152
75	189
75	230
75	259
75	280
75	374
75	484
75	564
75	574
75	937
76	101
76	131
76	135
76	157
76	169
76	234
76	294
76	319
76	347
76	349
76	397
76	423
76	449
76	549
76	677
76	723
76	859
76	867
77	157
77	171
77	173
77	198
77	271
77	287
77	311
77	318
77	340
77	461
77	499
77	588
77	672
77	680
77	694
77	798
77	858
77	992
78	82
78	202
78	215
78	234
78	242
78	263
78	275
78	371
78	406
78	469
78	498
78	532
78	554
78	555
78	575
78	599
78	603
78	726
79	105
79	118
79	132
79	148
79	152
79	179
79	182
79	207
79	259
79	276
79	546
79	586
79	715
79	740
79	897
80	95
80	172
80	184
80	204
80	241
80	245
80	246
80	258
80	360
80	448
80	512
80	533
80	611
80	617
80	639
80	650
80	669
80	681
80	700
80	760
81	148
81	152
81	182
81	244
81	259
81	286
81	380
81	395
81	446
81	470
81	642
81	657
81	755
81	860
81	932
82	84
82	99
82	242
82	318
82	348
82	432
82	441
82	447
82	554
82	555
82	663
82	706
82	719
82	749
82	764
82	813
82	910
83	91
83	114
83	119
83	146
83	179
83	217
83	235
83	261
83	281
83	344
83	547
83	743
83	796
83	855
83	895
83	909
83	917
84	99
84	165
84	215
84	227
84	230
84	291
84	399
84	406
84	453
84	503
84	665
84	683
84	726
84	732
84	761
84	808
84	887
85	110
85	123
85	136
85	167
85	176
85	270
85	299
85	307
85	340
85	420
85	506
85	659
85	692
85	741
85	759
85	797
85	840
85	843
86	182
86	185
86	195
86	213
86	230
86	259
86	287
86	303
86	484
86	486
86	591
86	643
86	645
86	647
86	905
86	978
87	89
87	111
87	212
87	257
87	308
87	322
87	375
87	384
87	409
87	418
87	467
87	937
87	982
88	114
88	115
88	140
88	186
88	224
88	255
88	305
88	367
88	392
88	471
88	545
88	596
88	674
88	683
88	743
88	834
88	944
89	103
89	184
89	210
89	238
89	251
89	252
89	267
89	278
89	375
89	518
89	563
89	566
89	625
89	750
90	97
90	117
90	155
90	206
90	334
90	357
90	372
90	427
90	431
90	519
90	597
90	610
90	864
90	993
91	119
91	181
91	224
91	235
91	281
91	298
91	412
91	534
91	545
91	562
91	664
91	796
91	812
91	834
91	943
92	141
92	168
92	222
92	226
92	228
92	482
92	483
92	497
92	715
92	725
92	795
92	840
92	945
93	110
93	123
93	164
93	167
93	173
93	176
93	229
93	302
93	420
93	473
93	502
93	613
93	636
93	734
93	951
94	141
94	161
94	216
94	229
94	237
94	262
94	320
94	416
94	421
94	497
94	678
94	884
94	898
94	940
94	968
95	241
95	257
95	272
95	327
95	366
95	386
95	401
95	434
95	458
95	473
95	565
95	614
95	770
95	966
96	135
96	144
96	150
96	169
96	200
96	214
96	223
96	249
96	345
96	438
96	475
96	542
96	595
96	633
96	777
96	791
97	117
97	220
97	293
97	442
97	445
97	482
97	641
97	736
97	746
97	830
97	832
97	950
98	122
98	129
98	130
98	177
98	240
98	241
98	247
98	258
98	352
98	382
98	415
98	512
98	595
98	614
98	650
98	853
99	270
99	275
99	532
99	557
99	749
99	808
99	856
99	887
99	950
99	959
99	999
100	120
100	129
100	175
100	177
100	216
100	245
100	291
100	330
100	401
100	509
100	528
100	770
100	814
100	975
101	138
101	187
101	246
101	253
101	304
101	319
101	337
101	385
101	407
101	471
101	623
101	687
101	765
101	987
102	113
102	183
102	234
102	278
102	363
102	409
102	492
102	500
102	685
102	686
102	848
103	111
103	145
103	251
103	368
103	467
103	500
103	560
103	601
103	736
103	794
103	997
103	998
104	130
104	139
104	384
104	428
104	480
104	518
104	563
104	566
104	587
104	649
104	667
104	732
104	735
104	859
104	865
104	972
104	982
105	182
105	185
105	195
105	202
105	400
105	446
105	472
105	491
105	720
105	897
105	937
105	953
106	117
106	133
106	206
106	243
106	343
106	362
106	372
106	378
106	444
106	713
106	727
106	736
106	950
106	1000
107	159
107	182
107	247
107	257
107	299
107	448
107	509
107	565
107	609
107	628
107	756
107	767
107	779
107	807
107	825
107	935
108	109
108	123
108	126
108	272
108	280
108	346
108	359
108	582
108	636
108	670
108	705
108	886
109	118
109	126
109	128
109	165
109	189
109	379
109	470
109	516
109	629
109	644
109	717
109	822
109	932
110	136
110	264
110	296
110	430
110	473
110	604
110	640
110	659
110	727
110	742
110	946
110	980
111	233
111	337
111	342
111	375
111	384
111	467
111	500
111	583
111	737
111	847
111	933
112	128
112	188
112	236
112	350
112	377
112	379
112	446
112	474
112	607
112	790
113	139
113	180
113	183
113	251
113	267
113	277
113	353
113	363
113	409
113	443
113	457
113	601
113	854
114	122
114	140
114	227
114	235
114	271
114	278
114	281
114	367
114	403
114	433
114	442
114	724
114	970
115	119
115	134
115	142
115	169
115	179
115	278
115	305
115	312
115	497
115	664
115	916
116	126
116	188
116	339
116	386
116	389
116	478
116	502
116	536
116	538
116	569
116	772
116	806
116	860
117	133
117	156
117	206
117	283
117	288
117	311
117	362
117	621
117	795
117	914
118	126
118	189
118	218
118	230
118	273
118	338
118	429
118	444
118	774
118	886
118	901
118	932
119	181
119	217
119	261
119	305
119	329
119	344
119	432
119	468
119	547
119	600
119	743
120	159
120	258
120	303
120	330
120	382
120	485
120	533
120	565
120	656
120	669
120	829
120	954
121	219
121	233
121	265
121	314
121	324
121	388
121	441
121	522
121	540
121	547
121	689
121	757
121	926
121	953
121	961
122	129
122	269
122	297
122	366
122	449
122	533
122	538
122	770
122	847
122	880
122	896
122	935
122	966
123	176
123	178
123	198
123	354
123	371
123	414
123	486
123	490
123	580
123	613
123	636
123	759
124	140
124	146
124	149
124	205
124	225
124	277
124	326
124	405
124	453
124	519
124	553
124	648
124	714
124	793
124	841
124	876
125	144
125	333
125	345
125	439
125	465
125	542
125	556
125	646
125	647
125	651
125	777
125	960
126	152
126	230
126	248
126	309
126	351
126	359
126	411
126	427
126	460
127	156
127	157
127	271
127	314
127	402
127	455
127	651
127	680
127	797
127	929
128	162
128	195
128	207
128	213
128	353
128	376
128	429
128	431
128	567
128	683
128	806
128	874
129	240
129	367
129	461
129	512
129	611
129	737
129	770
129	775
129	842
129	890
130	146
130	192
130	205
130	225
130	268
130	351
130	413
130	510
130	514
130	553
130	690
130	885
131	158
131	169
131	186
131	234
131	250
131	349
131	427
131	482
131	534
131	717
131	731
132	158
132	186
132	187
132	250
132	274
132	301
132	319
132	407
132	423
132	673
132	900
132	969
133	214
133	223
133	243
133	283
133	306
133	394
133	427
133	703
133	832
133	952
134	217
134	224
134	235
134	255
134	433
134	443
134	471
134	722
134	800
134	995
135	249
135	404
135	438
135	439
135	465
135	523
135	668
135	689
135	690
135	839
136	150
136	166
136	193
136	238
136	271
136	417
136	613
136	734
136	840
136	851
137	145
137	150
137	400
137	412
137	417
137	487
137	558
137	628
137	659
137	688
137	734
137	924
137	998
138	158
138	162
138	186
138	246
138	293
138	347
138	549
138	612
138	803
139	180
139	210
139	338
139	368
139	428
139	508
139	545
139	675
139	750
139	754
139	783
139	857
140	142
140	179
140	184
140	261
140	312
140	403
140	440
140	722
140	748
140	796
140	822
141	160
141	168
141	228
141	260
141	266
141	341
141	381
141	421
141	466
141	598
141	608
141	619
141	823
142	143
142	181
142	235
142	281
142	292
142	312
142	443
142	944
142	995
143	149
143	193
143	205
143	277
143	370
143	493
143	510
143	563
143	793
143	876
143	956
144	160
144	174
144	211
144	236
144	439
144	450
144	465
144	681
144	690
145	180
145	184
145	274
145	425
145	464
145	467
145	632
145	685
145	753
145	792
146	193
146	277
146	293
146	325
146	326
146	493
146	721
146	793
147	184
147	210
147	365
147	443
147	480
147	492
147	515
147	632
147	912
147	967
147	996
148	197
148	256
148	309
148	316
148	359
148	516
148	626
148	973
149	268
149	277
149	300
149	351
149	423
149	554
149	595
149	638
149	769
149	852
149	965
150	164
150	202
150	209
150	270
150	410
150	417
150	426
150	539
150	620
150	635
150	919
150	946
151	214
151	313
151	327
151	331
151	333
151	611
151	633
151	668
151	789
151	846
151	868
152	185
152	350
152	411
152	460
152	561
152	781
152	955
153	154
153	157
153	173
153	219
153	233
153	287
153	308
153	314
153	363
153	412
153	513
153	655
153	929
153	984
154	157
154	171
154	248
154	454
154	455
154	513
154	574
154	680
154	735
154	757
154	983
155	206
155	289
155	476
155	610
155	695
155	713
155	746
155	864
155	943
156	157
156	205
156	219
156	233
156	308
156	425
156	522
156	576
156	700
156	809
157	287
157	318
157	402
157	513
157	631
157	669
157	798
157	824
157	869
158	221
158	266
158	294
158	480
158	584
158	597
158	763
158	821
158	915
159	241
159	275
159	330
159	485
159	507
159	528
159	719
159	807
159	825
159	896
159	954
159	962
160	190
160	203
160	249
160	328
160	419
160	495
160	647
161	226
161	262
161	265
161	266
161	301
161	445
161	666
161	715
161	780
161	799
161	958
161	968
162	170
162	175
162	186
162	201
162	244
162	373
162	449
162	481
162	584
162	673
162	730
162	990
163	218
163	311
163	404
163	489
163	494
163	570
163	598
163	655
163	869
163	926
163	953
163	961
163	981
164	178
164	198
164	209
164	243
164	270
164	307
164	354
164	387
164	506
164	728
164	851
165	174
165	202
165	215
165	264
165	275
165	355
165	554
165	870
165	931
165	936
165	995
166	176
166	267
166	270
166	428
166	473
166	488
166	721
166	723
166	786
166	941
166	942
167	209
167	267
167	400
167	414
167	434
167	451
167	490
167	539
167	758
168	226
168	320
168	378
168	416
168	421
168	484
168	517
168	539
168	836
169	201
169	221
169	731
169	747
169	775
169	793
169	827
170	218
170	219
170	233
170	256
170	284
170	318
170	340
170	435
170	627
170	901
170	904
170	957
171	213
171	248
171	284
171	311
171	425
171	570
171	694
171	981
171	983
172	175
172	182
172	191
172	204
172	231
172	415
172	590
172	679
172	691
172	895
172	934
173	174
173	176
173	318
173	388
173	402
173	435
173	489
173	680
173	881
173	996
174	291
174	348
174	396
174	469
174	578
174	706
174	732
174	749
174	925
175	204
175	231
175	245
175	258
175	386
175	431
175	533
175	585
175	650
175	675
175	681
176	269
176	339
176	391
176	614
176	628
176	741
177	232
177	327
177	330
177	450
177	639
177	733
177	762
177	779
178	198
178	217
178	231
178	307
178	426
178	489
178	659
178	728
178	843
179	181
179	246
179	252
179	344
179	392
179	463
179	861
180	337
180	402
180	457
180	625
180	865
180	915
180	957
181	255
181	261
181	344
181	596
181	743
181	844
181	845
182	199
182	389
182	475
182	564
182	626
182	784
182	973
183	302
183	375
183	480
183	601
183	686
183	813
183	957
183	968
183	972
184	317
184	332
184	338
184	368
184	492
184	587
184	653
184	750
185	243
185	444
185	546
185	642
185	645
185	774
185	913
186	221
186	407
186	524
186	537
186	568
186	618
186	990
187	449
187	572
187	573
187	584
187	673
187	723
187	884
187	989
188	190
188	332
188	346
188	431
188	536
188	546
188	643
188	702
188	768
188	871
189	268
189	273
189	286
189	309
189	629
189	692
189	699
189	747
189	857
190	249
190	404
190	424
190	439
190	475
190	477
190	504
190	515
190	577
190	789
190	873
191	223
191	239
191	301
191	362
191	439
191	495
191	537
191	541
191	558
191	975
192	193
192	236
192	358
192	506
192	552
192	595
192	716
192	928
193	300
193	370
193	697
193	852
193	885
193	923
194	222
194	228
194	237
194	258
194	393
194	466
194	784
194	894
194	974
194	976
194	988
195	236
195	346
195	389
195	411
195	478
195	491
195	582
195	655
195	955
196	249
196	306
196	357
196	362
196	427
196	445
196	572
196	597
196	610
196	641
196	644
196	862
197	254
197	272
197	348
197	350
197	459
197	494
197	607
197	702
197	874
197	888
198	209
198	356
198	613
198	721
198	727
198	942
199	316
199	377
199	380
199	478
199	548
199	567
199	605
199	720
199	729
199	933
200	239
200	390
200	404
200	450
200	465
200	504
200	676
200	907
201	221
201	234
201	294
201	349
201	537
201	803
201	819
201	969
201	990
202	264
202	394
202	406
202	599
202	808
202	877
202	910
202	930
203	211
203	311
203	313
203	504
203	646
203	696
203	761
203	846
203	874
204	247
204	257
204	285
204	370
204	585
204	755
204	820
204	890
204	920
205	293
205	300
205	326
205	453
205	523
205	697
205	965
206	208
206	621
206	703
206	777
206	971
207	272
207	350
207	395
207	444
207	472
207	493
207	616
207	692
207	821
208	288
208	295
208	323
208	389
208	445
208	476
208	572
208	906
209	400
209	414
209	570
209	682
209	902
210	289
210	480
210	518
210	566
210	608
210	725
210	899
210	997
211	239
211	519
211	520
211	668
211	917
211	959
212	227
212	338
212	418
212	492
212	529
212	530
212	754
212	766
213	291
213	380
213	409
213	548
213	567
213	705
214	223
214	249
214	331
214	475
214	496
214	647
214	712
214	868
215	275
215	291
215	371
215	406
215	449
215	630
215	637
216	325
216	364
216	479
216	521
216	635
216	652
216	725
216	894
216	940
216	999
217	294
217	305
217	437
217	562
217	979
218	308
218	317
218	324
218	454
218	556
218	694
218	863
219	233
219	248
219	318
219	560
219	604
219	677
219	994
220	306
220	343
220	357
220	572
220	871
220	879
221	279
221	285
221	304
221	373
221	505
222	253
222	260
222	282
222	364
222	606
222	771
222	801
222	898
222	940
223	249
223	345
223	541
223	625
224	254
224	392
224	473
224	545
224	745
224	878
225	293
225	514
225	589
225	631
225	885
226	265
226	332
226	381
226	483
226	540
226	731
227	467
227	583
227	622
227	653
227	767
227	982
227	998
228	266
228	273
228	332
228	429
228	606
228	954
229	397
229	398
229	501
229	506
229	542
229	787
229	964
230	236
230	359
230	582
230	640
230	784
231	462
231	504
231	528
231	590
231	611
231	737
231	756
231	814
232	247
232	257
232	258
232	352
232	360
232	387
232	461
232	462
232	565
232	630
233	434
233	522
233	602
233	757
233	888
233	958
234	349
234	661
234	978
235	236
235	530
235	745
236	321
236	607
236	615
236	654
237	391
237	466
237	497
237	517
237	845
238	317
238	384
238	464
238	468
238	562
238	579
238	634
238	671
238	805
239	333
239	375
239	439
239	519
239	541
239	907
240	245
240	247
240	276
240	333
240	675
240	679
240	767
240	954
241	509
241	565
241	639
241	804
241	963
241	991
242	264
242	396
242	498
242	520
242	525
242	548
242	782
242	850
242	892
243	310
243	559
243	826
243	849
244	290
244	347
244	373
244	549
244	573
244	677
244	884
245	327
245	521
245	669
245	842
246	408
246	481
246	482
246	543
246	939
247	401
247	440
247	462
247	535
247	704
247	739
248	256
248	324
248	454
248	455
248	526
249	680
249	751
249	868
250	304
250	372
250	569
250	673
250	802
250	811
250	827
250	990
251	317
251	353
251	492
251	671
252	481
252	534
252	545
252	855
252	863
252	916
252	970
252	995
253	335
253	347
253	405
253	408
253	890
254	281
254	344
254	392
254	442
254	443
254	596
254	621
254	960
255	442
255	471
255	724
255	979
256	271
256	441
256	499
256	549
256	570
256	627
256	798
257	387
257	448
257	531
257	935
258	285
258	440
258	458
258	660
258	820
259	272
259	389
259	408
259	705
260	265
260	298
260	378
260	479
260	488
260	619
260	799
260	962
261	367
261	529
261	547
261	593
261	669
261	748
262	298
262	332
262	369
262	540
262	657
262	789
262	887
263	265
263	381
263	393
263	600
263	709
263	725
263	836
264	275
264	394
264	456
264	594
264	706
264	816
265	369
265	487
265	738
265	926
265	988
266	538
266	608
266	619
266	771
266	898
266	902
267	269
267	451
267	488
267	656
267	875
268	277
268	361
268	514
268	818
268	922
268	923
269	307
269	420
269	720
269	840
269	919
269	972
270	356
270	410
270	426
270	921
271	576
271	588
271	863
272	339
272	571
272	629
272	755
273	389
273	411
273	478
273	546
273	676
273	790
273	914
274	338
274	373
274	375
274	464
274	735
274	753
274	982
275	348
275	456
275	577
275	925
276	377
276	472
276	494
276	571
276	720
276	971
277	293
277	395
277	413
277	701
278	292
278	432
278	593
278	724
279	295
279	376
279	385
279	537
279	582
279	677
280	297
280	561
280	642
280	699
280	937
281	292
281	312
281	403
281	468
282	341
282	393
282	436
282	541
282	652
282	678
282	780
283	343
283	344
283	782
283	872
283	1000
284	340
284	425
284	560
284	567
284	602
284	656
284	797
284	953
284	984
285	303
285	509
285	531
285	609
285	804
285	835
286	321
286	339
286	534
286	586
286	650
286	705
286	860
287	318
287	425
287	454
287	627
287	994
288	306
288	377
288	559
288	826
288	918
289	634
289	658
289	684
289	754
289	882
290	427
290	660
290	736
290	838
290	903
291	532
291	594
291	726
292	432
292	530
292	596
292	883
293	638
293	714
293	769
294	580
294	747
294	821
295	319
295	374
295	723
295	765
295	803
296	417
296	473
296	566
296	759
296	851
296	942
296	946
296	991
297	415
297	535
297	617
297	711
297	879
297	880
298	416
298	517
298	600
298	725
299	461
299	507
299	590
299	860
299	962
299	963
300	326
300	456
300	589
301	496
301	917
301	986
302	315
302	338
302	409
302	788
302	882
303	360
303	366
303	440
303	463
303	533
303	935
304	335
304	573
304	884
305	432
305	624
305	643
305	724
306	531
306	695
307	346
307	426
307	698
307	704
307	721
307	800
308	598
308	766
308	888
308	904
308	958
308	983
309	491
309	543
309	615
309	654
310	343
310	362
310	413
310	597
310	622
310	1000
311	425
311	452
311	513
311	801
312	419
312	432
312	437
312	463
312	534
312	684
313	334
313	523
313	541
313	620
313	975
314	452
314	513
314	560
314	798
314	824
314	872
315	337
315	480
315	518
315	544
315	868
315	997
316	346
316	359
316	401
316	536
316	702
316	718
316	912
317	583
317	653
317	792
317	813
317	989
318	439
318	570
319	343
319	347
319	693
319	828
320	383
320	666
320	780
320	836
321	466
321	494
321	720
321	740
321	913
322	458
322	665
323	621
323	634
323	695
323	950
324	388
324	438
324	452
324	830
324	858
325	332
325	341
325	479
325	527
325	606
325	662
325	835
326	551
326	639
326	648
326	752
327	490
327	531
327	535
327	828
327	963
328	333
328	334
328	477
328	504
328	716
328	741
328	986
329	351
329	370
329	592
329	595
329	714
329	852
329	876
330	386
330	401
330	753
330	853
331	477
331	777
332	497
332	819
332	848
333	477
333	704
334	345
334	528
334	633
334	646
335	405
335	557
335	579
335	723
335	730
335	867
336	371
336	709
336	732
336	744
336	831
337	368
337	529
337	710
337	732
338	363
338	384
338	648
338	753
339	352
339	376
339	582
339	971
339	973
340	435
340	499
340	570
341	369
341	540
341	696
341	709
342	467
342	522
342	686
342	787
342	859
342	956
342	967
343	1000
344	593
345	387
345	542
345	751
346	484
346	571
346	796
346	871
347	707
348	355
348	599
348	615
349	509
350	395
350	517
350	548
350	705
350	873
351	716
351	839
352	360
352	386
352	417
352	538
352	842
353	645
353	710
353	865
354	374
354	688
354	759
354	786
354	941
355	456
355	630
355	892
355	910
356	412
356	575
356	649
356	656
356	674
356	722
357	451
357	757
357	862
358	547
358	552
358	716
358	818
358	928
359	478
359	494
359	758
360	462
360	535
360	605
360	650
360	778
361	504
361	697
361	701
361	965
362	862
363	563
363	646
363	710
364	369
364	393
364	479
364	521
364	748
365	368
365	532
365	634
365	666
365	833
365	998
366	415
366	422
366	700
366	739
366	864
366	963
367	403
367	460
367	722
368	480
368	700
369	416
369	652
369	709
369	979
370	553
370	769
370	876
370	928
371	525
371	578
371	831
372	445
372	826
372	927
372	952
373	385
373	408
373	802
374	405
374	482
374	543
374	884
375	428
375	787
376	474
376	643
376	768
376	905
377	474
377	670
378	466
378	521
378	578
378	894
379	448
379	607
379	676
379	932
380	383
380	436
380	582
380	642
380	702
380	857
381	476
381	635
381	662
381	725
381	902
382	462
382	614
382	737
382	804
383	393
383	635
383	799
383	945
383	976
384	515
384	634
384	876
385	527
385	799
385	900
385	985
386	617
386	739
387	458
387	609
387	691
387	778
388	452
388	576
388	892
389	550
389	692
390	419
390	475
390	542
390	603
390	613
390	789
390	907
390	949
391	742
391	843
391	853
391	924
391	942
391	947
392	754
392	908
393	589
393	608
393	974
394	471
394	525
394	744
394	776
394	883
394	892
395	592
395	806
396	406
396	649
396	732
396	808
396	856
396	931
396	961
397	398
397	426
397	437
397	486
397	490
398	434
398	511
398	620
398	674
399	469
399	520
399	532
399	578
399	581
399	719
399	910
400	451
400	488
400	734
401	675
401	739
402	655
402	672
402	889
403	433
403	530
403	816
404	450
404	475
404	542
404	750
405	544
405	568
405	886
406	588
406	764
407	423
407	544
407	573
407	623
407	818
408	505
408	569
408	573
408	982
409	515
409	708
409	766
410	506
410	543
410	682
410	742
410	834
411	418
412	698
412	741
413	453
413	510
413	553
413	589
413	648
414	417
414	422
414	430
414	620
414	704
415	767
415	824
415	881
416	483
416	902
417	790
417	941
418	505
418	579
418	708
418	750
419	495
419	496
419	986
420	422
420	575
420	628
420	779
421	521
421	565
421	662
421	832
421	974
422	426
422	499
423	544
423	693
424	553
424	949
425	602
425	941
426	752
427	906
427	914
428	867
429	582
429	773
429	790
429	874
430	487
430	539
430	758
430	986
431	897
431	901
432	855
433	688
433	815
433	909
434	636
434	991
435	489
435	602
435	743
436	527
436	652
436	709
436	780
436	898
437	618
437	722
437	861
438	496
438	702
438	791
440	448
440	825
440	966
441	464
441	604
441	809
441	929
442	618
443	618
443	995
444	460
444	474
445	597
446	629
446	810
446	851
447	520
447	578
447	594
447	719
447	761
447	877
448	538
448	617
448	880
449	568
449	612
450	519
450	558
451	488
451	550
451	580
452	456
452	680
452	953
453	648
453	839
454	598
454	628
454	655
454	838
455	556
455	996
456	581
456	776
456	877
457	684
457	687
457	708
457	783
458	829
458	895
459	491
459	564
459	605
459	676
459	717
460	564
460	692
460	740
460	933
461	507
461	977
462	485
462	639
463	816
463	916
463	979
464	622
464	658
464	977
465	673
466	469
467	762
468	562
468	812
468	970
469	934
470	527
470	605
470	626
470	978
471	743
471	878
471	960
472	502
472	622
473	488
473	875
474	480
474	971
476	574
476	695
476	795
477	747
477	873
478	524
478	933
479	499
479	666
481	543
481	677
481	898
482	969
483	527
483	819
483	974
484	781
485	507
485	733
486	640
486	659
486	921
487	501
487	698
487	734
487	964
488	657
488	752
489	672
489	889
489	952
490	580
490	727
491	745
491	774
491	978
492	581
493	707
493	965
494	546
494	561
494	773
495	523
497	559
498	599
498	637
498	785
499	588
500	625
500	712
501	511
501	711
501	964
501	980
502	591
502	629
503	525
503	554
503	586
503	599
503	785
505	612
506	649
507	756
507	858
508	783
508	815
510	592
510	617
510	638
510	855
511	550
511	594
511	727
512	681
512	896
512	900
513	746
514	551
515	754
516	849
516	924
517	678
517	823
518	587
518	899
520	856
521	799
522	526
522	602
522	830
523	751
524	569
524	707
525	555
525	581
526	672
526	757
526	837
526	948
526	961
527	848
528	538
528	691
529	606
529	653
529	684
529	972
530	562
531	733
533	767
533	976
534	745
535	650
535	804
536	857
537	612
537	837
538	669
539	640
539	674
543	557
544	723
544	730
544	803
546	697
547	822
548	564
548	718
549	693
549	807
550	980
551	595
551	891
552	589
552	928
553	697
555	596
555	603
556	830
556	866
556	994
557	624
557	811
558	689
558	690
559	713
559	798
560	604
560	797
561	717
562	591
563	632
563	833
563	956
564	616
566	805
566	936
567	692
567	860
568	802
568	877
569	624
569	827
570	888
571	638
571	809
571	874
573	707
574	736
574	893
574	943
575	728
575	741
575	786
576	598
576	703
576	948
577	663
577	749
577	831
577	930
578	603
578	761
579	601
579	658
580	938
581	856
581	970
583	590
583	792
584	673
584	969
585	691
585	802
585	825
585	896
585	920
586	645
587	820
587	972
588	881
589	592
590	847
591	615
591	905
592	672
592	841
592	923
594	683
597	621
598	981
599	637
599	883
600	606
600	635
600	662
601	663
603	817
603	934
604	869
604	889
604	923
605	654
607	717
609	807
609	879
610	701
610	870
611	711
612	699
613	947
614	681
614	733
615	729
616	643
616	806
618	855
620	791
622	989
623	915
623	919
626	755
626	774
627	671
627	797
627	926
630	637
630	931
631	638
632	826
632	854
633	791
633	825
634	865
635	667
636	911
636	947
637	814
637	883
639	700
641	788
641	849
642	665
642	871
645	729
646	949
649	688
649	758
651	863
651	958
651	984
652	823
653	712
654	718
654	810
655	694
656	727
657	720
658	708
658	909
658	989
659	682
660	679
660	804
660	814
661	756
661	811
661	850
662	715
662	845
663	877
664	796
664	992
665	671
665	997
666	836
666	988
667	776
667	823
670	781
672	992
674	682
674	688
675	835
675	977
676	773
677	747
678	771
678	836
679	962
679	977
681	897
682	980
683	744
684	735
685	854
686	787
686	833
687	775
687	811
690	868
694	981
695	893
699	714
699	740
701	891
703	795
704	919
706	946
707	867
709	845
711	779
711	920
712	967
713	833
713	914
713	943
715	945
717	955
718	897
718	978
719	999
721	938
722	834
724	827
726	764
728	843
729	811
729	901
730	812
731	850
731	985
733	997
736	893
737	778
738	771
738	894
738	988
742	840
742	856
745	748
748	861
749	785
751	805
752	938
753	859
756	835
762	962
763	765
763	985
764	817
764	951
766	783
772	905
776	930
779	966
782	959
783	908
785	974
788	805
790	886
792	949
794	813
794	817
800	946
801	881
801	929
801	992
808	885
809	869
810	901
812	909
815	882
815	912
816	844
817	936
819	945
819	968
820	977
824	858
824	983
826	832
828	879
828	920
829	847
834	844
837	915
838	927
839	922
841	891
844	909
849	903
851	875
854	957
859	956
861	878
861	896
862	872
865	930
866	958
866	996
867	915
870	943
875	927
875	951
879	895
885	965
886	913
889	894
889	984
890	895
892	999
899	998
903	993
904	992
904	996
905	973
906	911
906	927
908	916
911	924
916	987
917	975
920	940
921	942
935	954
939	969
944	945
947	980
948	994
949	986
951	991
960	970
985	987
